n_metrics_all=1:29;
n_metrics_standard = [1 2 3 4 6 7 10 11]; %[9 12 13 14 15 16 17 28]; %9:29; %[1 2 3 4 6 7 9 10 11 12 13 14 17,15,16,18:29];
n_metrics_pairwise = []; %[1 2 3 4 6 7 10 11 12];
n_metrics_gazewise = []; %[10 11 13 14 17];%[13 14 17];

n_ow_metrics=[];


